# fpr mean_tpr
0.000000 0.000000
0.001001 0.044004
0.002002 0.044004
0.003003 0.044004
0.004004 0.044004
0.005005 0.044004
0.006006 0.044004
0.007007 0.044004
0.008008 0.044004
0.009009 0.044004
0.010010 0.044004
0.011011 0.044004
0.012012 0.044004
0.013013 0.054243
0.014014 0.054243
0.015015 0.054243
0.016016 0.054243
0.017017 0.054243
0.018018 0.054243
0.019019 0.054243
0.020020 0.054243
0.021021 0.054243
0.022022 0.054243
0.023023 0.054243
0.024024 0.054243
0.025025 0.054243
0.026026 0.073586
0.027027 0.073586
0.028028 0.073586
0.029029 0.073586
0.030030 0.073586
0.031031 0.073586
0.032032 0.073586
0.033033 0.073586
0.034034 0.073586
0.035035 0.073586
0.036036 0.073586
0.037037 0.073586
0.038038 0.073586
0.039039 0.094133
0.040040 0.094133
0.041041 0.094133
0.042042 0.094133
0.043043 0.094133
0.044044 0.094133
0.045045 0.094133
0.046046 0.094133
0.047047 0.094133
0.048048 0.094133
0.049049 0.094133
0.050050 0.094133
0.051051 0.094133
0.052052 0.113137
0.053053 0.113137
0.054054 0.113137
0.055055 0.113137
0.056056 0.113137
0.057057 0.113137
0.058058 0.113137
0.059059 0.113137
0.060060 0.113137
0.061061 0.113137
0.062062 0.113137
0.063063 0.113137
0.064064 0.113137
0.065065 0.125140
0.066066 0.125140
0.067067 0.125140
0.068068 0.125140
0.069069 0.125140
0.070070 0.125140
0.071071 0.125140
0.072072 0.125140
0.073073 0.125140
0.074074 0.125140
0.075075 0.125140
0.076076 0.125140
0.077077 0.146003
0.078078 0.146003
0.079079 0.146003
0.080080 0.146003
0.081081 0.146003
0.082082 0.146003
0.083083 0.146003
0.084084 0.146003
0.085085 0.146003
0.086086 0.146003
0.087087 0.146003
0.088088 0.146003
0.089089 0.146003
0.090090 0.160028
0.091091 0.160028
0.092092 0.160028
0.093093 0.160028
0.094094 0.160028
0.095095 0.160028
0.096096 0.160028
0.097097 0.160028
0.098098 0.160028
0.099099 0.160028
0.100100 0.160028
0.101101 0.160028
0.102102 0.160028
0.103103 0.170991
0.104104 0.170991
0.105105 0.170991
0.106106 0.170991
0.107107 0.170991
0.108108 0.170991
0.109109 0.170991
0.110110 0.170991
0.111111 0.170991
0.112112 0.170991
0.113113 0.170991
0.114114 0.170991
0.115115 0.170991
0.116116 0.186068
0.117117 0.186068
0.118118 0.186068
0.119119 0.186068
0.120120 0.186068
0.121121 0.186068
0.122122 0.186068
0.123123 0.186068
0.124124 0.186068
0.125125 0.186068
0.126126 0.186068
0.127127 0.186068
0.128128 0.186068
0.129129 0.218478
0.130130 0.218478
0.131131 0.218478
0.132132 0.218478
0.133133 0.218478
0.134134 0.218478
0.135135 0.218478
0.136136 0.218478
0.137137 0.218478
0.138138 0.218478
0.139139 0.218478
0.140140 0.218478
0.141141 0.242742
0.142142 0.242742
0.143143 0.242742
0.144144 0.242742
0.145145 0.242742
0.146146 0.242742
0.147147 0.242742
0.148148 0.242742
0.149149 0.242742
0.150150 0.242742
0.151151 0.242742
0.152152 0.242742
0.153153 0.242742
0.154154 0.261524
0.155155 0.261524
0.156156 0.261524
0.157157 0.261524
0.158158 0.261524
0.159159 0.261524
0.160160 0.261524
0.161161 0.261524
0.162162 0.261524
0.163163 0.261524
0.164164 0.261524
0.165165 0.261524
0.166166 0.261524
0.167167 0.278775
0.168168 0.278775
0.169169 0.278775
0.170170 0.278775
0.171171 0.278775
0.172172 0.278775
0.173173 0.278775
0.174174 0.278775
0.175175 0.278775
0.176176 0.278775
0.177177 0.278775
0.178178 0.278775
0.179179 0.278775
0.180180 0.284736
0.181181 0.284736
0.182182 0.284736
0.183183 0.284736
0.184184 0.284736
0.185185 0.284736
0.186186 0.284736
0.187187 0.284736
0.188188 0.284736
0.189189 0.284736
0.190190 0.284736
0.191191 0.284736
0.192192 0.284736
0.193193 0.299813
0.194194 0.299813
0.195195 0.299813
0.196196 0.299813
0.197197 0.299813
0.198198 0.299813
0.199199 0.299813
0.200200 0.299813
0.201201 0.299813
0.202202 0.299813
0.203203 0.299813
0.204204 0.299813
0.205205 0.314727
0.206206 0.314727
0.207207 0.314727
0.208208 0.314727
0.209209 0.314727
0.210210 0.314727
0.211211 0.314727
0.212212 0.314727
0.213213 0.314727
0.214214 0.314727
0.215215 0.314727
0.216216 0.314727
0.217217 0.314727
0.218218 0.325526
0.219219 0.325526
0.220220 0.325526
0.221221 0.325526
0.222222 0.325526
0.223223 0.325526
0.224224 0.325526
0.225225 0.325526
0.226226 0.325526
0.227227 0.325526
0.228228 0.325526
0.229229 0.325526
0.230230 0.325526
0.231231 0.341164
0.232232 0.341164
0.233233 0.341164
0.234234 0.341164
0.235235 0.341164
0.236236 0.341164
0.237237 0.341164
0.238238 0.341164
0.239239 0.341164
0.240240 0.341164
0.241241 0.341164
0.242242 0.341164
0.243243 0.341164
0.244244 0.363721
0.245245 0.363721
0.246246 0.363721
0.247247 0.363721
0.248248 0.363721
0.249249 0.363721
0.250250 0.363721
0.251251 0.363721
0.252252 0.363721
0.253253 0.363721
0.254254 0.363721
0.255255 0.363721
0.256256 0.363721
0.257257 0.370898
0.258258 0.370898
0.259259 0.370898
0.260260 0.370898
0.261261 0.370898
0.262262 0.370898
0.263263 0.370898
0.264264 0.370898
0.265265 0.370898
0.266266 0.370898
0.267267 0.370898
0.268268 0.370898
0.269269 0.389037
0.270270 0.389037
0.271271 0.389037
0.272272 0.389037
0.273273 0.389037
0.274274 0.389037
0.275275 0.389037
0.276276 0.389037
0.277277 0.389037
0.278278 0.389037
0.279279 0.389037
0.280280 0.389037
0.281281 0.389037
0.282282 0.403308
0.283283 0.403308
0.284284 0.403308
0.285285 0.403308
0.286286 0.403308
0.287287 0.403308
0.288288 0.403308
0.289289 0.403308
0.290290 0.403308
0.291291 0.403308
0.292292 0.403308
0.293293 0.403308
0.294294 0.403308
0.295295 0.414189
0.296296 0.414189
0.297297 0.414189
0.298298 0.414189
0.299299 0.414189
0.300300 0.414189
0.301301 0.414189
0.302302 0.414189
0.303303 0.414189
0.304304 0.414189
0.305305 0.414189
0.306306 0.414189
0.307307 0.414189
0.308308 0.432550
0.309309 0.432550
0.310310 0.432550
0.311311 0.432550
0.312312 0.432550
0.313313 0.432550
0.314314 0.432550
0.315315 0.432550
0.316316 0.432550
0.317317 0.432550
0.318318 0.432550
0.319319 0.432550
0.320320 0.432550
0.321321 0.451332
0.322322 0.451332
0.323323 0.451332
0.324324 0.451332
0.325325 0.451332
0.326326 0.451332
0.327327 0.451332
0.328328 0.451332
0.329329 0.451332
0.330330 0.451332
0.331331 0.451332
0.332332 0.451332
0.333333 0.460928
0.334334 0.460928
0.335335 0.460928
0.336336 0.460928
0.337337 0.460928
0.338338 0.460928
0.339339 0.460928
0.340340 0.460928
0.341341 0.460928
0.342342 0.460928
0.343343 0.460928
0.344344 0.460928
0.345345 0.460928
0.346346 0.478015
0.347347 0.478015
0.348348 0.478015
0.349349 0.478015
0.350350 0.478015
0.351351 0.478015
0.352352 0.478015
0.353353 0.478015
0.354354 0.478015
0.355355 0.478015
0.356356 0.478015
0.357357 0.478015
0.358358 0.478015
0.359359 0.489060
0.360360 0.489060
0.361361 0.489060
0.362362 0.489060
0.363363 0.489060
0.364364 0.489060
0.365365 0.489060
0.366366 0.489060
0.367367 0.489060
0.368368 0.489060
0.369369 0.489060
0.370370 0.489060
0.371371 0.489060
0.372372 0.505026
0.373373 0.505026
0.374374 0.505026
0.375375 0.505026
0.376376 0.505026
0.377377 0.505026
0.378378 0.505026
0.379379 0.505026
0.380380 0.505026
0.381381 0.505026
0.382382 0.505026
0.383383 0.505026
0.384384 0.505026
0.385385 0.514294
0.386386 0.514294
0.387387 0.514294
0.388388 0.514294
0.389389 0.514294
0.390390 0.514294
0.391391 0.514294
0.392392 0.514294
0.393393 0.514294
0.394394 0.514294
0.395395 0.514294
0.396396 0.514294
0.397397 0.514294
0.398398 0.527267
0.399399 0.527267
0.400400 0.527267
0.401401 0.527267
0.402402 0.527267
0.403403 0.527267
0.404404 0.527267
0.405405 0.527267
0.406406 0.527267
0.407407 0.527267
0.408408 0.527267
0.409409 0.527267
0.410410 0.535402
0.411411 0.535402
0.412412 0.535402
0.413413 0.535402
0.414414 0.535402
0.415415 0.535402
0.416416 0.535402
0.417417 0.535402
0.418418 0.535402
0.419419 0.535402
0.420420 0.535402
0.421421 0.535402
0.422422 0.535402
0.423423 0.545792
0.424424 0.545792
0.425425 0.545792
0.426426 0.545792
0.427427 0.545792
0.428428 0.545792
0.429429 0.545792
0.430430 0.545792
0.431431 0.545792
0.432432 0.545792
0.433433 0.545792
0.434434 0.545792
0.435435 0.545792
0.436436 0.556510
0.437437 0.556510
0.438438 0.556510
0.439439 0.556510
0.440440 0.556510
0.441441 0.556510
0.442442 0.556510
0.443443 0.556510
0.444444 0.556510
0.445445 0.556510
0.446446 0.556510
0.447447 0.556510
0.448448 0.556510
0.449449 0.563604
0.450450 0.563604
0.451451 0.563604
0.452452 0.563604
0.453453 0.563604
0.454454 0.563604
0.455455 0.563604
0.456456 0.563604
0.457457 0.563604
0.458458 0.563604
0.459459 0.563604
0.460460 0.563604
0.461461 0.563604
0.462462 0.572873
0.463463 0.572873
0.464464 0.572873
0.465465 0.572873
0.466466 0.572873
0.467467 0.572873
0.468468 0.572873
0.469469 0.572873
0.470470 0.572873
0.471471 0.572873
0.472472 0.572873
0.473473 0.572873
0.474474 0.579243
0.475475 0.579243
0.476476 0.579243
0.477477 0.579243
0.478478 0.579243
0.479479 0.579243
0.480480 0.579243
0.481481 0.579243
0.482482 0.579243
0.483483 0.579243
0.484484 0.579243
0.485485 0.579243
0.486486 0.579243
0.487487 0.592695
0.488488 0.592695
0.489489 0.592695
0.490490 0.592695
0.491491 0.592695
0.492492 0.592695
0.493493 0.592695
0.494494 0.592695
0.495495 0.592695
0.496496 0.592695
0.497497 0.592695
0.498498 0.592695
0.499499 0.592695
0.500501 0.605259
0.501502 0.605259
0.502503 0.605259
0.503504 0.605259
0.504505 0.605259
0.505506 0.605259
0.506507 0.605259
0.507508 0.605259
0.508509 0.605259
0.509510 0.605259
0.510511 0.605259
0.511512 0.605259
0.512513 0.605259
0.513514 0.619518
0.514515 0.619518
0.515516 0.619518
0.516517 0.619518
0.517518 0.619518
0.518519 0.619518
0.519520 0.619518
0.520521 0.619518
0.521522 0.619518
0.522523 0.619518
0.523524 0.619518
0.524525 0.619518
0.525526 0.619518
0.526527 0.622417
0.527528 0.622417
0.528529 0.622417
0.529530 0.622417
0.530531 0.622417
0.531532 0.622417
0.532533 0.622417
0.533534 0.622417
0.534535 0.622417
0.535536 0.622417
0.536537 0.622417
0.537538 0.622417
0.538539 0.627899
0.539540 0.627899
0.540541 0.627899
0.541542 0.627899
0.542543 0.627899
0.543544 0.627899
0.544545 0.627899
0.545546 0.627899
0.546547 0.627899
0.547548 0.627899
0.548549 0.627899
0.549550 0.627899
0.550551 0.627899
0.551552 0.639423
0.552553 0.639423
0.553554 0.639423
0.554555 0.639423
0.555556 0.639423
0.556557 0.639423
0.557558 0.639423
0.558559 0.639423
0.559560 0.639423
0.560561 0.639423
0.561562 0.639423
0.562563 0.639423
0.563564 0.639423
0.564565 0.647324
0.565566 0.647324
0.566567 0.647324
0.567568 0.647324
0.568569 0.647324
0.569570 0.647324
0.570571 0.647324
0.571572 0.647324
0.572573 0.647324
0.573574 0.647324
0.574575 0.647324
0.575576 0.647324
0.576577 0.647324
0.577578 0.661431
0.578579 0.661431
0.579580 0.661431
0.580581 0.661431
0.581582 0.661431
0.582583 0.661431
0.583584 0.661431
0.584585 0.661431
0.585586 0.661431
0.586587 0.661431
0.587588 0.661431
0.588589 0.661431
0.589590 0.661431
0.590591 0.669647
0.591592 0.669647
0.592593 0.669647
0.593594 0.669647
0.594595 0.669647
0.595596 0.669647
0.596597 0.669647
0.597598 0.669647
0.598599 0.669647
0.599600 0.669647
0.600601 0.669647
0.601602 0.669647
0.602603 0.673516
0.603604 0.673516
0.604605 0.673516
0.605606 0.673516
0.606607 0.673516
0.607608 0.673516
0.608609 0.673516
0.609610 0.673516
0.610611 0.673516
0.611612 0.673516
0.612613 0.673516
0.613614 0.673516
0.614615 0.673516
0.615616 0.679640
0.616617 0.679640
0.617618 0.679640
0.618619 0.679640
0.619620 0.679640
0.620621 0.679640
0.621622 0.679640
0.622623 0.679640
0.623624 0.679640
0.624625 0.679640
0.625626 0.679640
0.626627 0.679640
0.627628 0.679640
0.628629 0.686407
0.629630 0.686407
0.630631 0.686407
0.631632 0.686407
0.632633 0.686407
0.633634 0.686407
0.634635 0.686407
0.635636 0.686407
0.636637 0.686407
0.637638 0.686407
0.638639 0.686407
0.639640 0.686407
0.640641 0.686407
0.641642 0.693420
0.642643 0.693420
0.643644 0.693420
0.644645 0.693420
0.645646 0.693420
0.646647 0.693420
0.647648 0.693420
0.648649 0.693420
0.649650 0.693420
0.650651 0.693420
0.651652 0.693420
0.652653 0.693420
0.653654 0.693420
0.654655 0.699626
0.655656 0.699626
0.656657 0.699626
0.657658 0.699626
0.658659 0.699626
0.659660 0.699626
0.660661 0.699626
0.661662 0.699626
0.662663 0.699626
0.663664 0.699626
0.664665 0.699626
0.665666 0.699626
0.666667 0.707527
0.667668 0.707527
0.668669 0.707527
0.669670 0.707527
0.670671 0.707527
0.671672 0.707527
0.672673 0.707527
0.673674 0.707527
0.674675 0.707527
0.675676 0.707527
0.676677 0.707527
0.677678 0.707527
0.678679 0.707527
0.679680 0.713488
0.680681 0.713488
0.681682 0.713488
0.682683 0.713488
0.683684 0.713488
0.684685 0.713488
0.685686 0.713488
0.686687 0.713488
0.687688 0.713488
0.688689 0.713488
0.689690 0.713488
0.690691 0.713488
0.691692 0.713488
0.692693 0.720337
0.693694 0.720337
0.694695 0.720337
0.695696 0.720337
0.696697 0.720337
0.697698 0.720337
0.698699 0.720337
0.699700 0.720337
0.700701 0.720337
0.701702 0.720337
0.702703 0.720337
0.703704 0.720337
0.704705 0.720337
0.705706 0.723317
0.706707 0.723317
0.707708 0.723317
0.708709 0.723317
0.709710 0.723317
0.710711 0.723317
0.711712 0.723317
0.712713 0.723317
0.713714 0.723317
0.714715 0.723317
0.715716 0.723317
0.716717 0.723317
0.717718 0.723317
0.718719 0.731942
0.719720 0.731942
0.720721 0.731942
0.721722 0.731942
0.722723 0.731942
0.723724 0.731942
0.724725 0.731942
0.725726 0.731942
0.726727 0.731942
0.727728 0.731942
0.728729 0.731942
0.729730 0.731942
0.730731 0.731942
0.731732 0.743782
0.732733 0.743782
0.733734 0.743782
0.734735 0.743782
0.735736 0.743782
0.736737 0.743782
0.737738 0.743782
0.738739 0.743782
0.739740 0.743782
0.740741 0.743782
0.741742 0.743782
0.742743 0.743782
0.743744 0.760788
0.744745 0.760788
0.745746 0.760788
0.746747 0.760788
0.747748 0.760788
0.748749 0.760788
0.749750 0.760788
0.750751 0.760788
0.751752 0.760788
0.752753 0.760788
0.753754 0.760788
0.754755 0.760788
0.755756 0.760788
0.756757 0.767158
0.757758 0.767158
0.758759 0.767158
0.759760 0.767158
0.760761 0.767158
0.761762 0.767158
0.762763 0.767158
0.763764 0.767158
0.764765 0.767158
0.765766 0.767158
0.766767 0.767158
0.767768 0.767158
0.768769 0.767158
0.769770 0.775456
0.770771 0.775456
0.771772 0.775456
0.772773 0.775456
0.773774 0.775456
0.774775 0.775456
0.775776 0.775456
0.776777 0.775456
0.777778 0.775456
0.778779 0.775456
0.779780 0.775456
0.780781 0.775456
0.781782 0.775456
0.782783 0.778436
0.783784 0.778436
0.784785 0.778436
0.785786 0.778436
0.786787 0.778436
0.787788 0.778436
0.788789 0.778436
0.789790 0.778436
0.790791 0.778436
0.791792 0.778436
0.792793 0.778436
0.793794 0.778436
0.794795 0.778436
0.795796 0.790451
0.796797 0.790451
0.797798 0.790451
0.798799 0.790451
0.799800 0.790451
0.800801 0.790451
0.801802 0.790451
0.802803 0.790451
0.803804 0.790451
0.804805 0.790451
0.805806 0.790451
0.806807 0.790451
0.807808 0.814960
0.808809 0.814960
0.809810 0.814960
0.810811 0.814960
0.811812 0.814960
0.812813 0.814960
0.813814 0.814960
0.814815 0.814960
0.815816 0.814960
0.816817 0.814960
0.817818 0.814960
0.818819 0.814960
0.819820 0.814960
0.820821 0.837693
0.821822 0.837693
0.822823 0.837693
0.823824 0.837693
0.824825 0.837693
0.825826 0.837693
0.826827 0.837693
0.827828 0.837693
0.828829 0.837693
0.829830 0.837693
0.830831 0.837693
0.831832 0.837693
0.832833 0.837693
0.833834 0.848492
0.834835 0.848492
0.835836 0.848492
0.836837 0.848492
0.837838 0.848492
0.838839 0.848492
0.839840 0.848492
0.840841 0.848492
0.841842 0.848492
0.842843 0.848492
0.843844 0.848492
0.844845 0.848492
0.845846 0.848492
0.846847 0.855096
0.847848 0.855096
0.848849 0.855096
0.849850 0.855096
0.850851 0.855096
0.851852 0.855096
0.852853 0.855096
0.853854 0.855096
0.854855 0.855096
0.855856 0.855096
0.856857 0.855096
0.857858 0.855096
0.858859 0.855096
0.859860 0.861220
0.860861 0.861220
0.861862 0.861220
0.862863 0.861220
0.863864 0.861220
0.864865 0.861220
0.865866 0.861220
0.866867 0.861220
0.867868 0.861220
0.868869 0.861220
0.869870 0.861220
0.870871 0.861220
0.871872 0.868151
0.872873 0.868151
0.873874 0.868151
0.874875 0.868151
0.875876 0.868151
0.876877 0.868151
0.877878 0.868151
0.878879 0.868151
0.879880 0.868151
0.880881 0.868151
0.881882 0.868151
0.882883 0.868151
0.883884 0.868151
0.884885 0.882983
0.885886 0.882983
0.886887 0.882983
0.887888 0.882983
0.888889 0.882983
0.889890 0.882983
0.890891 0.882983
0.891892 0.882983
0.892893 0.882983
0.893894 0.882983
0.894895 0.882983
0.895896 0.882983
0.896897 0.882983
0.897898 0.890475
0.898899 0.890475
0.899900 0.890475
0.900901 0.890475
0.901902 0.890475
0.902903 0.890475
0.903904 0.890475
0.904905 0.890475
0.905906 0.890475
0.906907 0.890475
0.907908 0.890475
0.908909 0.890475
0.909910 0.890475
0.910911 0.908848
0.911912 0.908848
0.912913 0.908848
0.913914 0.908848
0.914915 0.908848
0.915916 0.908848
0.916917 0.908848
0.917918 0.908848
0.918919 0.908848
0.919920 0.908848
0.920921 0.908848
0.921922 0.908848
0.922923 0.908848
0.923924 0.927302
0.924925 0.927302
0.925926 0.927302
0.926927 0.927302
0.927928 0.927302
0.928929 0.927302
0.929930 0.927302
0.930931 0.927302
0.931932 0.927302
0.932933 0.927302
0.933934 0.927302
0.934935 0.927302
0.935936 0.937459
0.936937 0.937459
0.937938 0.937459
0.938939 0.937459
0.939940 0.937459
0.940941 0.937459
0.941942 0.937459
0.942943 0.937459
0.943944 0.937459
0.944945 0.937459
0.945946 0.937459
0.946947 0.937459
0.947948 0.937459
0.948949 0.954628
0.949950 0.954628
0.950951 0.954628
0.951952 0.954628
0.952953 0.954628
0.953954 0.954628
0.954955 0.954628
0.955956 0.954628
0.956957 0.954628
0.957958 0.954628
0.958959 0.954628
0.959960 0.954628
0.960961 0.954628
0.961962 0.970816
0.962963 0.970816
0.963964 0.970816
0.964965 0.970816
0.965966 0.970816
0.966967 0.970816
0.967968 0.970816
0.968969 0.970816
0.969970 0.970816
0.970971 0.970816
0.971972 0.970816
0.972973 0.970816
0.973974 0.970816
0.974975 0.978471
0.975976 0.978471
0.976977 0.978471
0.977978 0.978471
0.978979 0.978471
0.979980 0.978471
0.980981 0.978471
0.981982 0.978471
0.982983 0.978471
0.983984 0.978471
0.984985 0.978471
0.985986 0.978471
0.986987 0.978471
0.987988 0.986290
0.988989 0.986290
0.989990 0.986290
0.990991 0.986290
0.991992 0.986290
0.992993 0.986290
0.993994 0.986290
0.994995 0.986290
0.995996 0.986290
0.996997 0.986290
0.997998 0.986290
0.998999 0.986290
1.000000 1.000000
