# fpr mean_ccr
0.000000 0.048738
0.001001 0.057834
0.002002 0.066929
0.003003 0.076025
0.004004 0.085121
0.005005 0.094217
0.006006 0.103313
0.007007 0.112409
0.008008 0.121505
0.009009 0.130601
0.010010 0.139696
0.011011 0.148792
0.012012 0.157888
0.013013 0.135118
0.014014 0.141024
0.015015 0.146930
0.016016 0.152836
0.017017 0.158742
0.018018 0.164648
0.019019 0.170554
0.020020 0.176460
0.021021 0.182366
0.022022 0.188272
0.023023 0.194178
0.024024 0.200084
0.025025 0.205990
0.026026 0.219016
0.027027 0.220794
0.028028 0.222573
0.029029 0.224351
0.030030 0.226129
0.031031 0.227907
0.032032 0.229686
0.033033 0.231464
0.034034 0.233242
0.035035 0.235020
0.036036 0.236799
0.037037 0.238577
0.038038 0.240355
0.039039 0.251022
0.040040 0.253115
0.041041 0.255208
0.042042 0.257300
0.043043 0.259393
0.044044 0.261485
0.045045 0.263578
0.046046 0.265671
0.047047 0.267763
0.048048 0.269856
0.049049 0.271949
0.050050 0.274041
0.051051 0.276134
0.052052 0.282990
0.053053 0.284984
0.054054 0.286979
0.055055 0.288973
0.056056 0.290968
0.057057 0.292962
0.058058 0.294957
0.059059 0.296952
0.060060 0.298946
0.061061 0.300941
0.062062 0.302935
0.063063 0.304930
0.064064 0.306924
0.065065 0.309045
0.066066 0.311172
0.067067 0.313298
0.068068 0.315424
0.069069 0.317550
0.070070 0.319677
0.071071 0.321803
0.072072 0.323929
0.073073 0.326055
0.074074 0.328182
0.075075 0.330308
0.076076 0.332434
0.077077 0.344130
0.078078 0.346088
0.079079 0.348046
0.080080 0.350003
0.081081 0.351961
0.082082 0.353919
0.083083 0.355876
0.084084 0.357834
0.085085 0.359792
0.086086 0.361750
0.087087 0.363707
0.088088 0.365665
0.089089 0.367623
0.090090 0.382735
0.091091 0.384507
0.092092 0.386279
0.093093 0.388051
0.094094 0.389823
0.095095 0.391595
0.096096 0.393367
0.097097 0.395139
0.098098 0.396911
0.099099 0.398683
0.100100 0.400455
0.101101 0.402227
0.102102 0.403999
0.103103 0.406161
0.104104 0.407158
0.105105 0.408156
0.106106 0.409153
0.107107 0.410151
0.108108 0.411148
0.109109 0.412146
0.110110 0.413143
0.111111 0.414141
0.112112 0.415138
0.113113 0.416136
0.114114 0.417133
0.115115 0.418131
0.116116 0.418277
0.117117 0.420316
0.118118 0.422355
0.119119 0.424395
0.120120 0.426434
0.121121 0.428473
0.122122 0.430513
0.123123 0.432552
0.124124 0.434591
0.125125 0.436631
0.126126 0.438670
0.127127 0.440709
0.128128 0.442749
0.129129 0.449778
0.130130 0.451373
0.131131 0.452969
0.132132 0.454564
0.133133 0.456159
0.134134 0.457755
0.135135 0.459350
0.136136 0.460946
0.137137 0.462541
0.138138 0.464136
0.139139 0.465732
0.140140 0.467327
0.141141 0.469637
0.142142 0.471141
0.143143 0.472646
0.144144 0.474150
0.145145 0.475655
0.146146 0.477159
0.147147 0.478664
0.148148 0.480168
0.149149 0.481673
0.150150 0.483177
0.151151 0.484682
0.152152 0.486186
0.153153 0.487691
0.154154 0.485294
0.155155 0.487223
0.156156 0.489153
0.157157 0.491082
0.158158 0.493012
0.159159 0.494941
0.160160 0.496871
0.161161 0.498800
0.162162 0.500730
0.163163 0.502659
0.164164 0.504589
0.165165 0.506518
0.166166 0.508448
0.167167 0.509987
0.168168 0.511299
0.169169 0.512612
0.170170 0.513924
0.171171 0.515237
0.172172 0.516549
0.173173 0.517862
0.174174 0.519174
0.175175 0.520487
0.176176 0.521799
0.177177 0.523112
0.178178 0.524424
0.179179 0.525737
0.180180 0.528664
0.181181 0.530216
0.182182 0.531767
0.183183 0.533319
0.184184 0.534870
0.185185 0.536422
0.186186 0.537973
0.187187 0.539525
0.188188 0.541077
0.189189 0.542628
0.190190 0.544180
0.191191 0.545731
0.192192 0.547283
0.193193 0.543649
0.194194 0.545720
0.195195 0.547791
0.196196 0.549862
0.197197 0.551933
0.198198 0.554004
0.199199 0.556075
0.200200 0.558146
0.201201 0.560217
0.202202 0.562288
0.203203 0.564359
0.204204 0.566430
0.205205 0.570591
0.206206 0.571573
0.207207 0.572555
0.208208 0.573537
0.209209 0.574518
0.210210 0.575500
0.211211 0.576482
0.212212 0.577464
0.213213 0.578445
0.214214 0.579427
0.215215 0.580409
0.216216 0.581391
0.217217 0.582372
0.218218 0.583353
0.219219 0.584330
0.220220 0.585307
0.221221 0.586284
0.222222 0.587261
0.223223 0.588238
0.224224 0.589215
0.225225 0.590192
0.226226 0.591169
0.227227 0.592146
0.228228 0.593123
0.229229 0.594100
0.230230 0.595077
0.231231 0.596114
0.232232 0.597220
0.233233 0.598326
0.234234 0.599433
0.235235 0.600539
0.236236 0.601645
0.237237 0.602751
0.238238 0.603857
0.239239 0.604963
0.240240 0.606070
0.241241 0.607176
0.242242 0.608282
0.243243 0.609388
0.244244 0.610279
0.245245 0.611056
0.246246 0.611832
0.247247 0.612609
0.248248 0.613386
0.249249 0.614162
0.250250 0.614939
0.251251 0.615716
0.252252 0.616493
0.253253 0.617269
0.254254 0.618046
0.255255 0.618823
0.256256 0.619600
0.257257 0.623735
0.258258 0.624669
0.259259 0.625604
0.260260 0.626538
0.261261 0.627472
0.262262 0.628406
0.263263 0.629340
0.264264 0.630274
0.265265 0.631209
0.266266 0.632143
0.267267 0.633077
0.268268 0.634011
0.269269 0.639694
0.270270 0.640429
0.271271 0.641163
0.272272 0.641897
0.273273 0.642631
0.274274 0.643365
0.275275 0.644100
0.276276 0.644834
0.277277 0.645568
0.278278 0.646302
0.279279 0.647037
0.280280 0.647771
0.281281 0.648505
0.282282 0.651702
0.283283 0.652623
0.284284 0.653544
0.285285 0.654465
0.286286 0.655385
0.287287 0.656306
0.288288 0.657227
0.289289 0.658148
0.290290 0.659069
0.291291 0.659990
0.292292 0.660911
0.293293 0.661832
0.294294 0.662753
0.295295 0.663737
0.296296 0.664807
0.297297 0.665876
0.298298 0.666946
0.299299 0.668016
0.300300 0.669085
0.301301 0.670155
0.302302 0.671225
0.303303 0.672294
0.304304 0.673364
0.305305 0.674434
0.306306 0.675503
0.307307 0.676573
0.308308 0.672556
0.309309 0.673602
0.310310 0.674648
0.311311 0.675694
0.312312 0.676740
0.313313 0.677787
0.314314 0.678833
0.315315 0.679879
0.316316 0.680925
0.317317 0.681971
0.318318 0.683017
0.319319 0.684064
0.320320 0.685110
0.321321 0.686052
0.322322 0.686969
0.323323 0.687886
0.324324 0.688803
0.325325 0.689720
0.326326 0.690637
0.327327 0.691554
0.328328 0.692472
0.329329 0.693389
0.330330 0.694306
0.331331 0.695223
0.332332 0.696140
0.333333 0.698670
0.334334 0.699488
0.335335 0.700307
0.336336 0.701125
0.337337 0.701944
0.338338 0.702762
0.339339 0.703581
0.340340 0.704399
0.341341 0.705217
0.342342 0.706036
0.343343 0.706854
0.344344 0.707673
0.345345 0.708491
0.346346 0.709305
0.347347 0.710103
0.348348 0.710900
0.349349 0.711698
0.350350 0.712495
0.351351 0.713293
0.352352 0.714090
0.353353 0.714887
0.354354 0.715685
0.355355 0.716482
0.356356 0.717280
0.357357 0.718077
0.358358 0.718874
0.359359 0.719596
0.360360 0.720196
0.361361 0.720797
0.362362 0.721397
0.363363 0.721997
0.364364 0.722598
0.365365 0.723198
0.366366 0.723798
0.367367 0.724399
0.368368 0.724999
0.369369 0.725599
0.370370 0.726200
0.371371 0.726800
0.372372 0.727258
0.373373 0.727610
0.374374 0.727963
0.375375 0.728316
0.376376 0.728669
0.377377 0.729022
0.378378 0.729375
0.379379 0.729727
0.380380 0.730080
0.381381 0.730433
0.382382 0.730786
0.383383 0.731139
0.384384 0.731492
0.385385 0.731845
0.386386 0.732197
0.387387 0.732550
0.388388 0.732903
0.389389 0.733256
0.390390 0.733609
0.391391 0.733962
0.392392 0.734314
0.393393 0.734667
0.394394 0.735020
0.395395 0.735373
0.396396 0.735726
0.397397 0.736079
0.398398 0.736407
0.399399 0.736735
0.400400 0.737063
0.401401 0.737390
0.402402 0.737718
0.403403 0.738046
0.404404 0.738373
0.405405 0.738701
0.406406 0.739029
0.407407 0.739357
0.408408 0.739684
0.409409 0.740012
0.410410 0.740375
0.411411 0.740936
0.412412 0.741496
0.413413 0.742057
0.414414 0.742617
0.415415 0.743177
0.416416 0.743738
0.417417 0.744298
0.418418 0.744859
0.419419 0.745419
0.420420 0.745979
0.421421 0.746540
0.422422 0.747100
0.423423 0.747785
0.424424 0.748705
0.425425 0.749624
0.426426 0.750544
0.427427 0.751464
0.428428 0.752383
0.429429 0.753303
0.430430 0.754222
0.431431 0.755142
0.432432 0.756062
0.433433 0.756981
0.434434 0.757901
0.435435 0.758821
0.436436 0.759578
0.437437 0.760196
0.438438 0.760813
0.439439 0.761431
0.440440 0.762049
0.441441 0.762667
0.442442 0.763285
0.443443 0.763903
0.444444 0.764521
0.445445 0.765139
0.446446 0.765756
0.447447 0.766374
0.448448 0.766992
0.449449 0.767490
0.450450 0.767943
0.451451 0.768396
0.452452 0.768849
0.453453 0.769303
0.454454 0.769756
0.455455 0.770209
0.456456 0.770662
0.457457 0.771115
0.458458 0.771569
0.459459 0.772022
0.460460 0.772475
0.461461 0.772928
0.462462 0.773425
0.463463 0.773926
0.464464 0.774426
0.465465 0.774927
0.466466 0.775427
0.467467 0.775927
0.468468 0.776428
0.469469 0.776928
0.470470 0.777429
0.471471 0.777929
0.472472 0.778430
0.473473 0.778930
0.474474 0.786676
0.475475 0.787169
0.476476 0.787663
0.477477 0.788156
0.478478 0.788649
0.479479 0.789143
0.480480 0.789636
0.481481 0.790129
0.482482 0.790622
0.483483 0.791116
0.484484 0.791609
0.485485 0.792102
0.486486 0.792596
0.487487 0.793033
0.488488 0.793346
0.489489 0.793659
0.490490 0.793972
0.491491 0.794285
0.492492 0.794598
0.493493 0.794911
0.494494 0.795224
0.495495 0.795537
0.496496 0.795850
0.497497 0.796163
0.498498 0.796475
0.499499 0.796788
0.500501 0.797164
0.501502 0.797603
0.502503 0.798042
0.503504 0.798481
0.504505 0.798920
0.505506 0.799358
0.506507 0.799797
0.507508 0.800236
0.508509 0.800675
0.509510 0.801114
0.510511 0.801553
0.511512 0.801992
0.512513 0.802430
0.513514 0.802938
0.514515 0.803475
0.515516 0.804013
0.516517 0.804550
0.517518 0.805088
0.518519 0.805625
0.519520 0.806163
0.520521 0.806700
0.521522 0.807238
0.522523 0.807775
0.523524 0.808313
0.524525 0.808850
0.525526 0.809387
0.526527 0.810147
0.527528 0.810936
0.528529 0.811724
0.529530 0.812513
0.530531 0.813301
0.531532 0.814090
0.532533 0.814878
0.533534 0.815667
0.534535 0.816455
0.535536 0.817244
0.536537 0.818032
0.537538 0.818821
0.538539 0.819583
0.539540 0.820028
0.540541 0.820472
0.541542 0.820917
0.542543 0.821362
0.543544 0.821807
0.544545 0.822251
0.545546 0.822696
0.546547 0.823141
0.547548 0.823586
0.548549 0.824031
0.549550 0.824475
0.550551 0.824920
0.551552 0.825348
0.552553 0.825732
0.553554 0.826115
0.554555 0.826499
0.555556 0.826882
0.556557 0.827266
0.557558 0.827649
0.558559 0.828033
0.559560 0.828416
0.560561 0.828800
0.561562 0.829183
0.562563 0.829567
0.563564 0.829950
0.564565 0.830353
0.565566 0.830779
0.566567 0.831204
0.567568 0.831629
0.568569 0.832055
0.569570 0.832480
0.570571 0.832906
0.571572 0.833331
0.572573 0.833757
0.573574 0.834182
0.574575 0.834608
0.575576 0.835033
0.576577 0.835459
0.577578 0.835845
0.578579 0.836212
0.579580 0.836578
0.580581 0.836945
0.581582 0.837311
0.582583 0.837677
0.583584 0.838044
0.584585 0.838410
0.585586 0.838776
0.586587 0.839143
0.587588 0.839509
0.588589 0.839875
0.589590 0.840242
0.590591 0.840599
0.591592 0.840955
0.592593 0.841311
0.593594 0.841667
0.594595 0.842023
0.595596 0.842379
0.596597 0.842735
0.597598 0.843090
0.598599 0.843446
0.599600 0.843802
0.600601 0.844158
0.601602 0.844514
0.602603 0.844868
0.603604 0.845173
0.604605 0.845479
0.605606 0.845784
0.606607 0.846090
0.607608 0.846395
0.608609 0.846701
0.609610 0.847006
0.610611 0.847312
0.611612 0.847617
0.612613 0.847923
0.613614 0.848228
0.614615 0.848534
0.615616 0.848867
0.616617 0.849291
0.617618 0.849715
0.618619 0.850139
0.619620 0.850564
0.620621 0.850988
0.621622 0.851412
0.622623 0.851836
0.623624 0.852260
0.624625 0.852685
0.625626 0.853109
0.626627 0.853533
0.627628 0.853957
0.628629 0.854320
0.629630 0.854599
0.630631 0.854878
0.631632 0.855157
0.632633 0.855435
0.633634 0.855714
0.634635 0.855993
0.635636 0.856272
0.636637 0.856551
0.637638 0.856830
0.638639 0.857109
0.639640 0.857387
0.640641 0.857666
0.641642 0.857972
0.642643 0.858294
0.643644 0.858616
0.644645 0.858938
0.645646 0.859260
0.646647 0.859582
0.647648 0.859903
0.648649 0.860225
0.649650 0.860547
0.650651 0.860869
0.651652 0.861191
0.652653 0.861513
0.653654 0.861835
0.654655 0.862288
0.655656 0.862771
0.656657 0.863254
0.657658 0.863738
0.658659 0.864221
0.659660 0.864704
0.660661 0.865188
0.661662 0.865671
0.662663 0.866154
0.663664 0.866638
0.664665 0.867121
0.665666 0.867604
0.666667 0.868088
0.667668 0.868500
0.668669 0.868913
0.669670 0.869325
0.670671 0.869738
0.671672 0.870151
0.672673 0.870563
0.673674 0.870976
0.674675 0.871388
0.675676 0.871801
0.676677 0.872213
0.677678 0.872626
0.678679 0.873039
0.679680 0.873406
0.680681 0.873582
0.681682 0.873759
0.682683 0.873936
0.683684 0.874112
0.684685 0.874289
0.685686 0.874465
0.686687 0.874642
0.687688 0.874818
0.688689 0.874995
0.689690 0.875172
0.690691 0.875348
0.691692 0.875525
0.692693 0.875701
0.693694 0.875878
0.694695 0.876055
0.695696 0.876231
0.696697 0.876408
0.697698 0.876584
0.698699 0.876761
0.699700 0.876937
0.700701 0.877114
0.701702 0.877291
0.702703 0.877467
0.703704 0.877644
0.704705 0.877820
0.705706 0.878012
0.706707 0.878215
0.707708 0.878418
0.708709 0.878621
0.709710 0.878823
0.710711 0.879026
0.711712 0.879229
0.712713 0.879432
0.713714 0.879635
0.714715 0.879837
0.715716 0.880040
0.716717 0.880243
0.717718 0.880446
0.718719 0.880642
0.719720 0.880836
0.720721 0.881031
0.721722 0.881225
0.722723 0.881419
0.723724 0.881613
0.724725 0.881807
0.725726 0.882002
0.726727 0.882196
0.727728 0.882390
0.728729 0.882584
0.729730 0.882778
0.730731 0.882973
0.731732 0.885552
0.732733 0.885712
0.733734 0.885871
0.734735 0.886030
0.735736 0.886190
0.736737 0.886349
0.737738 0.886508
0.738739 0.886668
0.739740 0.886827
0.740741 0.886986
0.741742 0.887145
0.742743 0.887305
0.743744 0.887478
0.744745 0.887730
0.745746 0.887982
0.746747 0.888235
0.747748 0.888487
0.748749 0.888739
0.749750 0.888991
0.750751 0.889243
0.751752 0.889495
0.752753 0.889747
0.753754 0.889999
0.754755 0.890251
0.755756 0.890503
0.756757 0.891563
0.757758 0.891821
0.758759 0.892078
0.759760 0.892335
0.760761 0.892593
0.761762 0.892850
0.762763 0.893107
0.763764 0.893365
0.764765 0.893622
0.765766 0.893879
0.766767 0.894137
0.767768 0.894394
0.768769 0.894651
0.769770 0.894892
0.770771 0.895117
0.771772 0.895343
0.772773 0.895569
0.773774 0.895795
0.774775 0.896021
0.775776 0.896247
0.776777 0.896472
0.777778 0.896698
0.778779 0.896924
0.779780 0.897150
0.780781 0.897376
0.781782 0.897602
0.782783 0.897836
0.783784 0.898073
0.784785 0.898311
0.785786 0.898548
0.786787 0.898786
0.787788 0.899023
0.788789 0.899261
0.789790 0.899498
0.790791 0.899736
0.791792 0.899973
0.792793 0.900211
0.793794 0.900448
0.794795 0.900686
0.795796 0.901062
0.796797 0.901451
0.797798 0.901839
0.798799 0.902227
0.799800 0.902615
0.800801 0.903003
0.801802 0.903392
0.802803 0.903780
0.803804 0.904168
0.804805 0.904556
0.805806 0.904944
0.806807 0.905333
0.807808 0.905693
0.808809 0.905842
0.809810 0.905991
0.810811 0.906140
0.811812 0.906289
0.812813 0.906438
0.813814 0.906587
0.814815 0.906736
0.815816 0.906885
0.816817 0.907033
0.817818 0.907182
0.818819 0.907331
0.819820 0.907480
0.820821 0.906211
0.821822 0.906460
0.822823 0.906710
0.823824 0.906959
0.824825 0.907209
0.825826 0.907458
0.826827 0.907708
0.827828 0.907957
0.828829 0.908207
0.829830 0.908456
0.830831 0.908705
0.831832 0.908955
0.832833 0.909204
0.833834 0.909392
0.834835 0.909519
0.835836 0.909646
0.836837 0.909773
0.837838 0.909899
0.838839 0.910026
0.839840 0.910153
0.840841 0.910280
0.841842 0.910406
0.842843 0.910533
0.843844 0.910660
0.844845 0.910786
0.845846 0.910913
0.846847 0.911032
0.847848 0.911147
0.848849 0.911263
0.849850 0.911378
0.850851 0.911494
0.851852 0.911609
0.852853 0.911725
0.853854 0.911840
0.854855 0.911955
0.855856 0.912071
0.856857 0.912186
0.857858 0.912302
0.858859 0.912417
0.859860 0.912541
0.860861 0.912666
0.861862 0.912790
0.862863 0.912915
0.863864 0.913040
0.864865 0.913165
0.865866 0.913290
0.866867 0.913415
0.867868 0.913539
0.868869 0.913664
0.869870 0.913789
0.870871 0.913914
0.871872 0.914044
0.872873 0.914231
0.873874 0.914419
0.874875 0.914607
0.875876 0.914794
0.876877 0.914982
0.877878 0.915170
0.878879 0.915357
0.879880 0.915545
0.880881 0.915733
0.881882 0.915920
0.882883 0.916108
0.883884 0.916296
0.884885 0.916468
0.885886 0.916599
0.886887 0.916730
0.887888 0.916862
0.888889 0.916993
0.889890 0.917124
0.890891 0.917255
0.891892 0.917386
0.892893 0.917517
0.893894 0.917648
0.894895 0.917779
0.895896 0.917910
0.896897 0.918041
0.897898 0.918178
0.898899 0.918322
0.899900 0.918466
0.900901 0.918609
0.901902 0.918753
0.902903 0.918897
0.903904 0.919041
0.904905 0.919184
0.905906 0.919328
0.906907 0.919472
0.907908 0.919615
0.908909 0.919759
0.909910 0.919903
0.910911 0.920017
0.911912 0.920116
0.912913 0.920216
0.913914 0.920315
0.914915 0.920414
0.915916 0.920513
0.916917 0.920612
0.917918 0.920711
0.918919 0.920810
0.919920 0.920909
0.920921 0.921009
0.921922 0.921108
0.922923 0.921207
0.923924 0.921279
0.924925 0.921347
0.925926 0.921415
0.926927 0.921482
0.927928 0.921550
0.928929 0.921618
0.929930 0.921685
0.930931 0.921753
0.931932 0.921821
0.932933 0.921888
0.933934 0.921956
0.934935 0.922024
0.935936 0.922091
0.936937 0.922149
0.937938 0.922207
0.938939 0.922265
0.939940 0.922324
0.940941 0.922382
0.941942 0.922440
0.942943 0.922498
0.943944 0.922557
0.944945 0.922615
0.945946 0.922673
0.946947 0.922731
0.947948 0.922789
0.948949 0.922884
0.949950 0.923100
0.950951 0.923315
0.951952 0.923531
0.952953 0.923747
0.953954 0.923962
0.954955 0.924178
0.955956 0.924393
0.956957 0.924609
0.957958 0.924825
0.958959 0.925040
0.959960 0.925256
0.960961 0.925472
0.961962 0.925636
0.962963 0.925730
0.963964 0.925825
0.964965 0.925919
0.965966 0.926014
0.966967 0.926108
0.967968 0.926203
0.968969 0.926297
0.969970 0.926392
0.970971 0.926486
0.971972 0.926581
0.972973 0.926675
0.973974 0.926769
0.974975 0.926844
0.975976 0.926907
0.976977 0.926970
0.977978 0.927033
0.978979 0.927096
0.979980 0.927159
0.980981 0.927222
0.981982 0.927285
0.982983 0.927348
0.983984 0.927411
0.984985 0.927474
0.985986 0.927537
0.986987 0.927600
0.987988 0.927638
0.988989 0.927669
0.989990 0.927701
0.990991 0.927732
0.991992 0.927764
0.992993 0.927795
0.993994 0.927827
0.994995 0.927858
0.995996 0.927889
0.996997 0.927921
0.997998 0.927952
0.998999 0.927984
1.000000 0.928015
